# genetated time: 2023-04-11 10:20:29.413881
# histogram number: 2048
# sample number: 100
# tune number: 5
###
# op_name    threshold    min    max
input.1 2.6399999 -2.1179039 2.6399999
1355_Conv 26.4150028 -31.4635906 38.2414589
764_Mul 28.2047105 -0.2784646 38.2414589
1358_Conv 67.2105865 -119.4271469 92.7651062
768_Mul 40.6045609 -0.2784646 92.7651062
769_Add 62.6759998 -0.5569291 120.7963181
1361_Conv 92.7693863 -211.9407806 139.4214935
773_Mul 57.9651522 -0.2784646 139.4214935
774_Add 74.0832977 -0.8352560 148.0942535
1364_Conv 53.2435760 -94.6090240 71.4223862
778_Mul 40.1947174 -0.2784646 71.4223862
1367_Conv 28.6902962 -39.1048355 41.7109604
1370_Conv 26.5956116 -42.5321999 20.6791496
784_Mul 8.9187040 -0.2784646 20.6791496
1373_Conv 23.9951611 -30.9541817 28.8760281
787_Add 31.0602837 -38.9269562 41.3934898
1376_Conv 16.6168880 -22.1450329 12.6285162
791_Mul 5.9989884 -0.2784646 12.6284752
1379_Conv 23.0999100 -35.5263062 31.5588741
794_Add 37.5272331 -46.1648102 44.8148232
1382_Conv 12.0806046 -17.5632095 12.6923275
798_Mul 4.3635554 -0.2784646 12.6922884
1385_Conv 33.3731308 -88.9515610 78.9216995
801_Add 52.8978004 -93.9946136 89.0299683
1388_Conv 16.8194695 -27.9202518 38.4257278
805_Mul 11.0518551 -0.2784646 38.4257278
1391_Conv 32.8038521 -43.1972542 47.6913986
1394_Conv 14.7783756 -26.2598381 9.0730648
811_Mul 4.3099871 -0.2784646 9.0720243
1397_Conv 24.4130426 -27.0921249 27.4075184
814_Add 49.4309807 -46.2564735 60.8084259
1400_Conv 16.9523621 -24.6459427 10.6763039
818_Mul 3.2033387 -0.2784646 10.6760569
1403_Conv 26.4332682 -30.4238968 28.7456474
821_Add 45.1046295 -53.5374069 60.1101379
1406_Conv 11.5897188 -14.2573051 7.8987365
825_Mul 3.4545595 -0.2784646 7.8958054
1409_Conv 31.5829868 -40.3273163 45.1091080
828_Add 42.1450005 -53.6510811 67.3990707
1412_Conv 12.3431749 -16.4778728 17.9449425
832_Mul 4.8241826 -0.2784646 17.9449425
1415_Conv 38.3983734 -25.6376171 80.8241348
836_Mul 31.3228069 -0.2784646 80.8241348
837_ReduceMean 11.5274134 -0.2443903 11.5274134
838_Conv 7.8571835 -7.8571835 6.3491206
840_Mul 6.3380399 -0.2784643 6.3380399
841_Conv 5.0166645 -2.8576810 5.0166645
842_Sigmoid 0.9934170 0.0542856 0.9934170
843_Mul 13.4459474 -0.2735823 19.2044754
1418_Conv 34.2760620 -34.2760620 31.5711651
1421_Conv 11.1044502 -15.7796860 17.7584457
849_Mul 12.2148952 -0.2784646 17.7584457
1424_Conv 45.0706986 -37.4833870 81.4691315
853_Mul 31.8254965 -0.2784646 81.4691315
854_ReduceMean 9.0854826 -0.2783371 10.1614447
855_Conv 17.6114750 -17.6114750 9.4992743
857_Mul 9.4985628 -0.2784462 9.4985628
858_Conv 7.7288003 -7.7288003 4.0309453
859_Sigmoid 0.9825523 0.0004398 0.9825523
860_Mul 3.7874281 -0.2689148 13.1683493
1427_Conv 17.1862202 -17.1862202 15.0921793
863_Add 31.8518448 -31.8518448 29.5783043
1430_Conv 9.3405075 -13.3109283 13.5795593
867_Mul 9.3404951 -0.2784646 13.5795412
1433_Conv 46.3685129 -29.4868088 97.6003571
871_Mul 33.5522086 -0.2784646 97.6003571
872_ReduceMean 7.1699347 -0.2771856 7.1699347
873_Conv 9.0718431 -6.3111706 9.0718431
875_Mul 9.0708017 -0.2784583 9.0708017
876_Conv 8.4076986 -8.4076986 5.0125895
877_Sigmoid 0.9933903 0.0002231 0.9933903
878_Mul 4.9701566 -0.2711832 12.4223576
1436_Conv 15.0380306 -15.0380306 14.3623810
881_Add 31.0621796 -31.0621796 29.4351883
1439_Conv 8.5554523 -10.5644283 11.4017000
885_Mul 9.2683029 -0.2784646 11.4015722
1442_Conv 24.0942373 -18.4117527 55.0517960
889_Mul 16.3447626 -0.2784646 55.0517960
890_ReduceMean 3.7248327 -0.2766505 22.0654964
891_Conv 14.5039520 -4.2547493 14.5039520
893_Mul 14.5039454 -0.2784567 14.5039454
894_Conv 6.6837606 -13.3609943 4.2889452
895_Sigmoid 0.9864662 0.0000016 0.9864662
896_Mul 3.2184169 -0.2746956 29.4177246
1445_Conv 20.5537628 -68.5013885 57.6458015
899_Add 23.1461296 -74.0314484 58.3063354
1448_Conv 10.6197281 -14.6520090 16.9832687
903_Mul 5.3098640 -0.2784646 16.9832687
1451_Conv 24.0368006 -28.3712463 69.2663193
907_Mul 17.3182716 -0.2784646 69.2663193
908_ReduceMean 6.1636673 -0.2764443 6.3004804
909_Conv 6.1064901 -2.8610067 6.1064901
911_Mul 6.0929127 -0.2784619 6.0929127
912_Conv 6.5494404 -6.5494404 2.9671841
913_Sigmoid 0.9510694 0.0014289 0.9510694
914_Mul 5.1828449 -0.2648389 16.7484150
1454_Conv 21.2792963 -30.3968735 30.3092804
917_Add 26.6371365 -85.1972198 55.5564575
1457_Conv 10.5571661 -17.8731499 33.7664375
921_Mul 4.2228665 -0.2784646 33.7664375
1460_Conv 28.2570358 -46.2989349 56.4975128
925_Mul 16.7739928 -0.2784646 56.4975128
926_ReduceMean 8.7783249 -0.2745212 11.3220530
927_Conv 6.0367880 -3.4897244 6.0367880
929_Mul 6.0223994 -0.2784633 6.0223994
930_Conv 7.1809216 -7.1809216 2.5479298
931_Sigmoid 0.9274343 0.0007604 0.9274343
932_Mul 4.5788944 -0.2516687 17.0325222
1463_Conv 21.0322332 -25.8153820 30.5882645
935_Add 29.5346661 -78.7206497 64.1312790
1466_Conv 10.7771695 -15.9975595 20.5188732
939_Mul 7.6983361 -0.2784646 20.5188732
1469_Conv 22.9519284 -50.1784248 52.4505692
943_Mul 15.7377331 -0.2784646 52.4505692
944_ReduceMean 5.5619783 -0.2717392 5.5619783
945_Conv 8.9918461 -4.8991108 8.9918461
947_Mul 8.9907274 -0.2784645 8.9907274
948_Conv 8.0343409 -8.0343409 2.9915242
949_Sigmoid 0.9521897 0.0003240 0.9521897
950_Mul 3.8805144 -0.2651494 17.0039883
1472_Conv 24.9071102 -44.2576866 30.7654819
1475_Conv 9.2561722 -12.4441566 13.4569492
956_Mul 4.8795341 -0.2784646 13.4569302
1478_Conv 32.1658859 -64.3129196 61.8912582
960_Mul 32.1081689 -0.2784646 61.8912582
961_ReduceMean 3.2972527 -0.2759001 8.7883806
962_Conv 9.8727665 -9.8727665 8.3294363
964_Mul 5.5192090 -0.2784643 8.3274269
965_Conv 7.6165051 -7.6165051 5.4688988
966_Sigmoid 0.9958019 0.0004920 0.9958019
967_Mul 5.1515589 -0.2772948 16.6473141
1481_Conv 20.0086861 -20.0086861 16.2985287
970_Add 26.2439175 -41.9697647 38.2574768
1484_Conv 8.5637264 -14.9753637 17.1190891
974_Mul 4.3876552 -0.2784646 17.1190891
1487_Conv 31.0809899 -34.2800446 81.4945374
978_Mul 31.8354209 -0.2784646 81.4945374
979_ReduceMean 5.8622098 -0.2769008 18.7499123
980_Conv 12.1723547 -6.3223791 12.1723547
982_Mul 12.1722927 -0.2784632 12.1722927
983_Conv 11.9609394 -11.9609394 6.2830133
984_Sigmoid 0.9981357 0.0000064 0.9981357
985_Mul 5.8475571 -0.2775640 22.8151131
1490_Conv 22.2653801 -19.5881577 25.0865440
988_Add 24.5244993 -41.9483185 40.0107803
1493_Conv 9.7137690 -16.3467541 31.0688820
992_Mul 4.8553666 -0.2784646 31.0688820
1496_Conv 43.5251078 -33.0918579 84.9138870
996_Mul 29.1909635 -0.2784646 84.9138870
997_ReduceMean 5.9076479 -0.2764753 7.4114885
998_Conv 13.0382309 -13.0382309 11.2433729
1000_Mul 9.3499468 -0.2784642 11.2432251
1001_Conv 13.4220333 -13.4220333 6.1849856
1002_Sigmoid 0.9979441 0.0000015 0.9979441
1003_Mul 4.1479745 -0.2778869 37.9142838
1499_Conv 21.8376994 -49.9042931 40.3253746
1006_Add 40.9458580 -50.3702927 46.1418762
1502_Conv 8.6173830 -18.2393703 22.9684677
1010_Mul 4.8820618 -0.2784646 22.9684677
1505_Conv 42.4260116 -87.2008896 121.1918030
1014_Mul 30.3009109 -0.2784646 121.1918030
1015_ReduceMean 10.7431612 -0.2769921 10.7431612
1016_Conv 11.1950140 -5.3412094 11.1950140
1018_Mul 11.1948605 -0.2784639 11.1948605
1019_Conv 9.2631598 -9.2631598 4.2461152
1020_Sigmoid 0.9858824 0.0000948 0.9858824
1021_Mul 6.4786759 -0.2745290 59.2179031
1508_Conv 23.0614996 -35.3053551 47.5995865
1024_Add 30.0409393 -60.0525436 51.4302864
1511_Conv 9.7980156 -17.4101887 17.3370647
1028_Mul 4.4435227 -0.2784646 17.3370647
1514_Conv 48.0033061 -30.8208656 161.6828766
1032_Mul 32.8460301 -0.2784646 161.6828766
1033_ReduceMean 6.0099181 -0.2765470 10.2797594
1034_Conv 7.4021406 -4.8124924 7.4021406
1036_Mul 7.3976283 -0.2784643 7.3976283
1037_Conv 8.1152687 -8.1152687 4.7518950
1038_Sigmoid 0.9914386 0.0002989 0.9914386
1039_Mul 4.2324837 -0.2738203 19.9124203
1517_Conv 23.8715148 -19.6378899 28.7153969
1042_Add 31.9899521 -57.9028091 73.0841827
1520_Conv 8.3571453 -15.1073837 26.7298069
1046_Mul 4.5122055 -0.2784646 26.7298069
1523_Conv 35.7251830 -40.0179024 73.7377853
1050_Mul 31.8041487 -0.2784646 73.7377853
1051_ReduceMean 3.4821857 -0.2757554 7.4752603
1052_Conv 7.0728292 -4.8351622 7.0728292
1054_Mul 7.0668378 -0.2784645 7.0668378
1055_Conv 6.7881713 -6.7881713 3.4155641
1056_Sigmoid 0.9681874 0.0011258 0.9681874
1057_Mul 4.8772336 -0.2696058 24.0079288
1526_Conv 22.9194336 -19.4420795 22.9194336
1060_Add 44.0705376 -61.1547661 64.0712967
1529_Conv 8.3083429 -19.4951000 26.5737171
1064_Mul 4.4858563 -0.2784646 26.5737171
1532_Conv 30.4483016 -50.0265961 118.7985764
1068_Mul 29.7025459 -0.2784646 118.7985764
1069_ReduceMean 4.9723748 -0.2747194 7.8365102
1070_Conv 6.3357925 -4.7482219 6.3357925
1072_Mul 6.3245873 -0.2784597 6.3245873
1073_Conv 5.7997875 -5.7997875 3.3564699
1074_Sigmoid 0.9663160 0.0030191 0.9663160
1075_Mul 4.7739310 -0.2690846 18.6262016
1535_Conv 28.3077209 -27.7222137 37.7399406
1078_Add 58.4649048 -77.9151459 72.4388428
1538_Conv 8.2391443 -21.8555908 26.3523865
1082_Mul 4.1182846 -0.2784646 26.3523865
1541_Conv 23.3428252 -65.0666428 149.3678131
1086_Mul 16.3414370 -0.2784646 149.3678131
1087_ReduceMean 6.0094581 -0.2762168 6.0094581
1088_Conv 6.6074066 -1.8821495 6.6074066
1090_Mul 6.5984969 -0.2783883 6.5984969
1091_Conv 6.1419067 -6.1419067 2.4801512
1092_Sigmoid 0.9227386 0.0021462 0.9227386
1093_Mul 3.3541328 -0.2548729 21.4626751
1544_Conv 32.3259931 -28.2597084 35.6689796
1096_Add 56.8656769 -82.6733246 82.6402435
1547_Conv 6.8149514 -11.8264608 19.6384964
1100_Mul 3.3151356 -0.2784646 19.6384964
1550_Conv 16.7572253 -20.0474892 35.9729843
1104_Mul 16.8679386 -0.2784646 35.9729843
1105_ReduceMean 8.6269321 -0.2646043 8.6269321
1106_Conv 5.4352121 -5.4352121 0.6859154
1108_Mul 0.4561733 -0.2783976 0.4561733
1109_Conv 2.4499874 -1.4769737 2.6840374
1110_Sigmoid 0.9360781 0.1858850 0.9360781
1111_Mul 8.5373545 -0.2541967 17.0663719
1553_Conv 19.2828331 -28.0340614 23.5491142
1556_Conv 7.6454859 -11.0206938 13.5853386
1117_Mul 4.4167224 -0.2784646 13.5853205
1559_Conv 27.8668946 -29.1569118 46.4297028
1121_Mul 31.1954527 -0.2784646 46.4297028
1122_ReduceMean 11.4513435 -0.2772886 13.0808592
1123_Conv 12.2270784 -4.4516401 12.2270784
1125_Mul 12.2270184 -0.2784645 12.2270184
1126_Conv 8.5628433 -8.5628433 6.2008262
1127_Sigmoid 0.9979764 0.0001910 0.9979764
1128_Mul 4.6258845 -0.2764207 17.2073154
1562_Conv 9.1625948 -7.7714257 9.1625948
1131_Add 20.4134254 -27.2046089 25.6247272
1565_Conv 8.3364449 -11.5750856 19.0454273
1135_Mul 4.7636828 -0.2784646 19.0454273
1568_Conv 23.1278692 -59.4568901 101.3437881
1139_Mul 15.8377517 -0.2784646 101.3437881
1140_ReduceMean 5.4996770 -0.2773769 12.5680590
1141_Conv 15.7032900 -5.4199896 15.7032900
1143_Mul 12.7651548 -0.2784643 15.7032881
1144_Conv 7.5812144 -7.5812144 6.1450896
1145_Sigmoid 0.9978606 0.0005097 0.9978606
1146_Mul 5.7309408 -0.2760092 52.3832817
1571_Conv 15.7741961 -15.8122082 16.1267471
1149_Add 20.2434597 -29.4306545 27.3186874
1574_Conv 7.3031225 -10.7887888 19.4654827
1153_Mul 3.2859295 -0.2784646 19.4654827
1577_Conv 24.7628518 -24.4601574 71.3585663
1157_Mul 31.2206800 -0.2784646 71.3585663
1158_ReduceMean 12.0402629 -0.2762928 14.0056362
1159_Conv 14.4726877 -6.4752288 14.4726877
1161_Mul 12.6697826 -0.2784645 14.4726810
1162_Conv 9.3372393 -9.3372393 5.5895796
1163_Sigmoid 0.9962773 0.0000881 0.9962773
1164_Mul 5.0060125 -0.2769750 24.6418362
1580_Conv 9.8117695 -9.7125378 9.8117695
1167_Add 21.6536598 -31.4808521 29.4717789
1583_Conv 9.0304680 -12.0347443 11.9895067
1171_Mul 3.5974154 -0.2784646 11.9894323
1586_Conv 37.2030365 -40.3125839 82.6509857
1175_Mul 32.0307898 -0.2784646 82.6509857
1176_ReduceMean 8.4526323 -0.2758759 15.0234766
1177_Conv 13.9056978 -5.7854486 13.9056978
1179_Mul 12.1734180 -0.2784644 13.9056845
1180_Conv 10.2665148 -10.2665148 4.5885897
1181_Sigmoid 0.9899351 0.0000348 0.9899351
1182_Mul 9.8893636 -0.2756597 28.7672691
1589_Conv 16.8066063 -13.1352472 17.3485909
1185_Add 32.9416428 -32.9416428 31.8750267
1592_Conv 8.4603634 -11.2749758 8.1316347
1189_Mul 4.3197777 -0.2784646 8.1292439
1595_Conv 32.4177613 -30.8915176 72.0199203
1193_Mul 31.5100347 -0.2784646 72.0199203
1194_ReduceMean 13.4679094 -0.2759764 21.2288227
1195_Conv 19.0340652 -6.5727606 19.0340652
1197_Mul 19.0340652 -0.2784646 19.0340652
1198_Conv 9.2457666 -9.2457666 8.3377333
1199_Sigmoid 0.9997607 0.0000965 0.9997607
1200_Mul 9.4718473 -0.2779392 46.6246758
1598_Conv 14.9092531 -14.9092531 14.5938416
1203_Add 37.9714737 -40.4831314 35.8056755
1601_Conv 9.4508915 -13.7400398 12.7742815
1207_Mul 3.8328977 -0.2784646 12.7742453
1604_Conv 39.6456550 -33.7487984 253.6875763
1211_Mul 27.7544371 -0.2784646 253.6875763
1212_ReduceMean 6.8642951 -0.2749378 32.2942123
1213_Conv 17.0733776 -6.1835465 17.0733776
1215_Mul 14.8339045 -0.2784644 17.0733776
1216_Conv 9.5037565 -9.5037565 7.0219121
1217_Sigmoid 0.9991086 0.0000746 0.9991086
1218_Mul 14.1774187 -0.2782159 226.7279358
1607_Conv 19.9857581 -69.4876404 45.7908592
1221_Add 35.2304077 -80.4873276 65.6401062
1610_Conv 13.4723577 -21.5452480 16.7661324
1225_Mul 3.4060558 -0.2784646 16.7661324
1613_Conv 22.4409485 -64.0298615 358.8798523
1229_Mul 22.4409485 -0.2784646 358.8798523
1230_ReduceMean 6.7686552 -0.2732243 43.3117752
1231_Conv 21.8386211 -16.2352180 21.8386211
1233_Mul 21.8386211 -0.2784644 21.8386211
1234_Conv 16.2190437 -16.2190437 11.2581835
1235_Sigmoid 0.9999871 0.0000001 0.9999871
1236_Mul 11.7131243 -0.2782049 187.3184814
1616_Conv 17.1695061 -274.5779724 104.2237396
1239_Add 22.2024231 -355.0653076 141.3702393
1619_Conv 23.4495983 -53.5729103 34.0388451
1243_Mul 3.7239860 -0.2784646 34.0388451
1622_Conv 32.4033507 -94.5381165 296.1806641
1247_Mul 32.4033507 -0.2784646 296.1806641
1248_ReduceMean 9.4358536 -0.2745228 44.3925362
1249_Conv 39.3062820 -18.0045624 39.3062820
1251_Mul 11.3051168 -0.2784644 39.3062820
1252_Conv 35.4035873 -35.4035873 15.5901823
1253_Sigmoid 0.9999999 0.0000000 0.9999999
1254_Mul 12.4010239 -0.2784473 198.3195038
1625_Conv 22.4397773 -105.5716476 85.4890976
1257_Add 25.9158497 -414.4511414 149.8052826
1628_Conv 24.5475960 -49.0712204 38.6555748
1261_Mul 4.2290747 -0.2784646 38.6555748
1631_Conv 48.0740911 -221.2874756 307.6200867
1265_Mul 33.6548692 -0.2784646 307.6200867
1266_ReduceMean 9.2003521 -0.2769988 43.2845802
1267_Conv 21.1473465 -13.4121742 21.1473465
1269_Mul 21.1473465 -0.2784645 21.1473465
1270_Conv 23.4938526 -23.4938526 8.1254539
1271_Sigmoid 0.9997042 0.0000000 0.9997042
1272_Mul 13.6106006 -0.2782639 124.4067841
1634_Conv 24.2861445 -78.5879974 84.4394684
1275_Add 63.1644974 -336.7128296 166.5127258
1637_Conv 22.3764191 -51.1211243 23.0483627
1279_Mul 3.8907482 -0.2784646 23.0483627
1640_Conv 60.9766563 -169.8516235 243.8827972
1283_Mul 38.1133887 -0.2784646 243.8827972
1284_ReduceMean 16.6197492 -0.2740406 35.2162170
1285_Conv 30.1268940 -17.8326473 30.1268940
1287_Mul 9.7945519 -0.2784627 30.1268940
1288_Conv 23.3546085 -23.3546085 11.5054340
1289_Sigmoid 0.9999899 0.0000000 0.9999899
1290_Mul 54.8555115 -0.2783976 159.5697479
1643_Conv 43.7313499 -174.8399811 96.7109756
1293_Add 85.8034058 -343.0460510 172.0304260
1646_Conv 23.8854408 -47.7475548 41.7411270
1297_Mul 4.5666464 -0.2784646 41.7411270
1649_Conv 52.8155571 -120.9581070 196.4627380
1301_Mul 30.7027015 -0.2784646 196.4627380
1302_ReduceMean 13.9662747 -0.2765664 46.5466690
1303_Conv 47.5382309 -20.9574337 47.5382309
1305_Mul 38.6436806 -0.2784624 47.5382309
1306_Conv 36.8189621 -35.7550468 36.8189621
1307_Sigmoid 1.0000000 0.0000000 1.0000000
1308_Mul 16.3841900 -0.2784644 65.5303574
1652_Conv 67.2102791 -102.9824371 141.4698639
1311_Add 121.2518921 -323.1805115 190.9442139
1655_Conv 23.0753422 -41.0028000 34.3574219
1315_Mul 5.3692913 -0.2784646 34.3574219
1658_Conv 47.3984993 -85.6671829 176.3124237
1319_Mul 35.8180371 -0.2784646 176.3124237
1320_ReduceMean 10.8123844 -0.2761915 26.0066395
1321_Conv 25.7954311 -11.8424425 25.7954311
1323_Mul 20.9658771 -0.2784645 25.7954311
1324_Conv 17.2731075 -17.2731075 16.3314972
1325_Sigmoid 0.9999999 0.0000000 0.9999999
1326_Mul 11.5153888 -0.2784438 38.7856865
1661_Conv 78.5879875 -73.9611130 166.5230713
1329_Add 136.5978908 -336.0969849 328.2851562
1664_Conv 24.2821980 -55.4750671 39.5313148
1333_Mul 6.1778542 -0.2784646 39.5313148
1667_Conv 35.2525949 -79.4501877 92.4325104
1337_Mul 31.7756511 -0.2784646 92.4325104
1338_ReduceMean 8.4066786 -0.2763627 25.8579578
1339_Conv 10.8750658 -7.1407690 10.8750658
1341_Mul 9.5201511 -0.2784646 10.8748598
1342_Conv 17.2718811 -17.2718811 11.2632103
1343_Sigmoid 0.9999871 0.0000000 0.9999871
1344_Mul 8.0895436 -0.2781761 27.2468872
1670_Conv 77.9857025 -40.9982071 77.9857025
1347_Add 139.9825592 -319.8395996 318.8856201
1673_Conv 37.1772537 -84.9350815 35.4346123
1351_Mul 8.8595186 -0.2784646 35.4346123
1352_GlobalAveragePool 2.5252750 -0.2571924 3.3653891
1353_Flatten 2.5252750 -0.2571924 3.3653891
1354_Gemm 9.7029390 -2.8344848 9.7029390
